MY_ACCOUNT_ID = 0.0.3562120
MY_PRIVATE_KEY = 03f4ae46e597c514f472b72fa3b6d9706483a22fea135c27f8af12c6939654a3
MY_PUBLIC_KEY = db78531c0cc3a8c505151aee41122e00181003fcf5c070de6c3b94095d969f2b

ACCOUNT1ID = 0.0.3563616
ACCOUNT1_PRIVATE_KEY = 2cf077e8d2d2cbd9a03f5c64bdb5ca3271e826560c216858bc59e215614c0a61
ACCOUNT1_PUBLIC_KEY = 7a6160a534f0ebf1b2af92190341db6341fa0302c05f7e8e84e1067aea220255

ACCOUNT2ID = 0.0.3563617
ACCOUNT2_PRIVATE_KEY = b4c0760c63aa9fa8891ec971b235f8ba797fcbeb98630d680db1e80eec8e8a5d
ACCOUNT2_PUBLIC_KEY = c1cb30b34377c1084d38aa4cc1692783798432ce082e6bbcb555a4964a3b07a8

ACCOUNT3ID = 0.0.3563619
ACCOUNT3_PRIVATE_KEY = ec68e72dfece086af747e39d5bfeb69dac927b6b59c0a9bcec397342a4d6b69d
ACCOUNT3_PUBLIC_KEY = af5dfba993ab08340002b8b5a8bea67015e5589b92a8bebfeb6d0be57c45e658

ACCOUNT4ID = 0.0.3563620
ACCOUNT4_PRIVATE_KEY = 10b3ae8175006778cf007e9f104ae6ac434366cfb5bfd67103c2e792fb2dabe6
ACCOUNT4_PUBLIC_KEY = 4efb02ca4fcc37890a1546155aa1aacddeebf9339671590b4ada8b8d575ead35

ACCOUNT5ID = 0.0.3563621
ACCOUNT5_PRIVATE_KEY = b722d2dd02bf3db8c655ba13336ffeadf0b8a102005d77d6ae1f0c6b1b9c092e
ACCOUNT5_PUBLIC_KEY = ab17a1626b0c9e77cb8e0c8c119e8d110389288edd8f9f2db82ea57a1b68e5b6

SCHEDULE_ID = 0.0.3565755

